%YAML:1.0
---
image_width: 2688
image_height: 1520
K: !!opencv-matrix
   rows: 3
   cols: 3
   dt: d
   data: [ 2113.3956954737187, 0., 1348.6993716477264, 0.,
       2114.6195918894018, 791.75805909044368, 0., 0., 1. ]
dist: !!opencv-matrix
   rows: 1
   cols: 5
   dt: d
   data: [ -0.74224444035641413, 0.78573565152288216,
       -0.0019179294513517007, 0.00061236561372169046, 0. ]
