%YAML:1.0
---
image_width: 2688
image_height: 1520
K: !!opencv-matrix
   rows: 3
   cols: 3
   dt: d
   data: [ 2118.8273193787072, 0., 1373.55410115364, 0.,
       2120.997400342897, 753.04921522364498, 0., 0., 1. ]
dist: !!opencv-matrix
   rows: 1
   cols: 5
   dt: d
   data: [ -0.74151326048508015, 0.79777850180728727,
       -0.0024399103531062595, -0.0009435402015194528, 0. ]
