%YAML:1.0
---
image_width: 2688
image_height: 1520
K_left: !!opencv-matrix
   rows: 3
   cols: 3
   dt: d
   data: [ 2113.3956954737187, 0., 1348.6993716477264, 0.,
       2114.6195918894018, 791.75805909044368, 0., 0., 1. ]
dist_left: !!opencv-matrix
   rows: 1
   cols: 5
   dt: d
   data: [ -0.74224444035641413, 0.78573565152288216,
       -0.0019179294513517007, 0.00061236561372169046, 0. ]
K_right: !!opencv-matrix
   rows: 3
   cols: 3
   dt: d
   data: [ 2118.8273193787072, 0., 1373.55410115364, 0.,
       2120.997400342897, 753.04921522364498, 0., 0., 1. ]
dist_right: !!opencv-matrix
   rows: 1
   cols: 5
   dt: d
   data: [ -0.74151326048508015, 0.79777850180728727,
       -0.0024399103531062595, -0.0009435402015194528, 0. ]
charuco_squares_x: 10
charuco_squares_y: 7
charuco_square_mm: 40.
charuco_marker_mm: 28.
charuco_dict: DICT_6X6_250
charuco_legacy: 1
