%YAML:1.0
---
image_width: 2688
image_height: 1520
K_left: !!opencv-matrix
   rows: 3
   cols: 3
   dt: d
   data: [ 2113.3956954737187, 0., 1348.6993716477264, 0.,
       2114.6195918894018, 791.75805909044368, 0., 0., 1. ]
dist_left: !!opencv-matrix
   rows: 1
   cols: 5
   dt: d
   data: [ -0.74224444035641413, 0.78573565152288216,
       -0.0019179294513517007, 0.00061236561372169046, 0. ]
K_right: !!opencv-matrix
   rows: 3
   cols: 3
   dt: d
   data: [ 2118.8273193787072, 0., 1373.55410115364, 0.,
       2120.997400342897, 753.04921522364498, 0., 0., 1. ]
dist_right: !!opencv-matrix
   rows: 1
   cols: 5
   dt: d
   data: [ -0.74151326048508015, 0.79777850180728727,
       -0.0024399103531062595, -0.0009435402015194528, 0. ]
R: !!opencv-matrix
   rows: 3
   cols: 3
   dt: d
   data: [ 0.99649119889599136, 0.021128760602216485,
       0.080986826078344981, -0.022210873713127261, 0.99967536083535935,
       0.012483990852029621, -0.080696763328707233,
       -0.014238975177598683, 0.99663698705906079 ]
T: !!opencv-matrix
   rows: 3
   cols: 1
   dt: d
   data: [ -113.44533616162472, 5.4010040660072898, 9.8002104952247802 ]
E: !!opencv-matrix
   rows: 3
   cols: 3
   dt: d
   data: [ -0.21817230918047378, -9.8739337259062943, 5.2604946812688915,
       0.61115206283935564, -1.4082790242147789, 113.85750597093191,
       -2.8623329821486125, -113.52262388438311, -1.8536607157893146 ]
F: !!opencv-matrix
   rows: 3
   cols: 3
   dt: d
   data: [ 1.2518197681355256e-08, 5.6621445444031229e-07,
       -0.0011030837060253204, -3.5030544416880227e-08,
       8.0674239935824518e-08, -0.01380903661752445,
       0.00035716819649700117, 0.012954839495837037, 1. ]
rms_left: 0.49949973972046052
rms_right: 0.49077052940964822
rms_stereo: 0.54957120940190352
charuco_squares_x: 10
charuco_squares_y: 7
charuco_square_mm: 40.
charuco_marker_mm: 28.
charuco_dict: DICT_6X6_250
charuco_legacy: 1
